,First of Month,Days Produced,Well Status,API County,API Sequence,API Sidetrack,Formation,BOM Inventory,Oil Produced,Oil Sold,Oil Adjustment,EOM Inventory,Oil Gravity,Gas Produced,Gas Flared,Gas Used,Gas Shrinkage,Gas Sold,Gas BTU,Gas Tubing Pressure,Gas Casing Pressure,Water Volume,Water Tubing Pressure,Water Casing Pressure,Water Disp Code
0,2020-04-01,0.0,SI,45,10406,0,COZZETTE,1.0,,,,1.0,,,,,,,,,,,,,
1,2020-04-01,0.0,SI,45,10406,0,CORCORAN,1.0,,,,1.0,,,,,,,,,,,,,
2,2020-04-01,0.0,SI,45,10406,0,WILLIAMS FORK,8.0,,,,8.0,,,,,,,,,,,,,
3,2020-03-01,0.0,SI,45,10406,0,WILLIAMS FORK,8.0,,,,8.0,,,,,,,,,,,,,
4,2020-03-01,0.0,SI,45,10406,0,CORCORAN,1.0,,,,1.0,,,,,,,,,,,,,
5,2020-03-01,0.0,SI,45,10406,0,COZZETTE,1.0,,,,1.0,,,,,,,,,,,,,
6,2020-02-01,0.0,SI,45,10406,0,COZZETTE,1.0,,,,1.0,,,,,,,,,,,,,
7,2020-02-01,0.0,SI,45,10406,0,CORCORAN,1.0,,,,1.0,,,,,,,,,,,,,
8,2020-02-01,0.0,SI,45,10406,0,WILLIAMS FORK,8.0,,,,8.0,,,,,,,,,,,,,
9,2020-01-01,0.0,SI,45,10406,0,WILLIAMS FORK,8.0,,,,8.0,,,,,,,,,,,,,
10,2020-01-01,0.0,SI,45,10406,0,CORCORAN,1.0,,,,1.0,,,,,,,,,,,,,
11,2020-01-01,0.0,SI,45,10406,0,COZZETTE,1.0,,,,1.0,,,,,,,,,,,,,
12,2019-12-01,0.0,SI,45,10406,0,COZZETTE,1.0,,,,1.0,,,,,,,,,,,,,
13,2019-12-01,0.0,SI,45,10406,0,CORCORAN,1.0,,,,1.0,,,,,,,,,,,,,
14,2019-12-01,0.0,SI,45,10406,0,WILLIAMS FORK,8.0,,,,8.0,,,,,,,,,,,,,
15,2019-11-01,0.0,SI,45,10406,0,WILLIAMS FORK,8.0,,,,8.0,,,,,,,,,,,,,
16,2019-11-01,0.0,SI,45,10406,0,CORCORAN,1.0,,,,1.0,,,,,,,,,,,,,
17,2019-11-01,0.0,SI,45,10406,0,COZZETTE,1.0,,,,1.0,,,,,,,,,,,,,
18,2019-10-01,0.0,SI,45,10406,0,COZZETTE,1.0,,,,1.0,,,,,,,,,,,,,
19,2019-10-01,0.0,SI,45,10406,0,CORCORAN,1.0,,,,1.0,,,,,,,,,,,,,
20,2019-10-01,0.0,SI,45,10406,0,WILLIAMS FORK,8.0,,,,8.0,,,,,,,,,,,,,
21,2019-09-01,0.0,SI,45,10406,0,WILLIAMS FORK,8.0,,,,8.0,,,,,,,,,,,,,
22,2019-09-01,0.0,SI,45,10406,0,CORCORAN,1.0,,,,1.0,,,,,,,,,,,,,
23,2019-09-01,0.0,SI,45,10406,0,COZZETTE,1.0,,,,1.0,,,,,,,,,,,,,
24,2019-08-01,0.0,SI,45,10406,0,COZZETTE,1.0,,,,1.0,,,,,,,,,,,,,
25,2019-08-01,0.0,SI,45,10406,0,CORCORAN,1.0,,,,1.0,,,,,,,,,,,,,
26,2019-08-01,0.0,SI,45,10406,0,WILLIAMS FORK,8.0,,,,8.0,,,,,,,,,,,,,
27,2019-07-01,2.0,PR,45,10406,0,WILLIAMS FORK,8.0,,,,8.0,,9.0,,2.0,,7.0,1019.0,,,71.0,,,C
28,2019-07-01,2.0,PR,45,10406,0,CORCORAN,1.0,,,,1.0,,1.0,,,,1.0,1019.0,,,11.0,,,C
29,2019-07-01,2.0,PR,45,10406,0,COZZETTE,1.0,,,,1.0,,1.0,,,,1.0,1019.0,,,11.0,,,C
30,2019-06-01,0.0,SI,45,10406,0,COZZETTE,1.0,,,,1.0,,,,,,,,,,,,,
31,2019-06-01,0.0,SI,45,10406,0,CORCORAN,1.0,,,,1.0,,,,,,,,,,,,,
32,2019-06-01,0.0,SI,45,10406,0,WILLIAMS FORK,8.0,,,,8.0,,,,,,,,,,,,,
33,2019-05-01,0.0,SI,45,10406,0,WILLIAMS FORK,8.0,,,,8.0,,,,,,,,,,,,,
34,2019-05-01,0.0,SI,45,10406,0,COZZETTE,1.0,,,,1.0,,,,,,,,,,,,,
35,2019-05-01,0.0,SI,45,10406,0,CORCORAN,1.0,,,,1.0,,,,,,,,,,,,,
36,2019-04-01,0.0,SI,45,10406,0,CORCORAN,1.0,,,,1.0,,,,,,,,,,,,,
37,2019-04-01,0.0,SI,45,10406,0,COZZETTE,1.0,,,,1.0,,,,,,,,,,,,,
38,2019-04-01,0.0,SI,45,10406,0,WILLIAMS FORK,8.0,,,,8.0,,,,,,,,,,,,,
39,2019-03-01,0.0,SI,45,10406,0,WILLIAMS FORK,8.0,,,,8.0,,,,,,,,,,,,,
40,2019-03-01,0.0,SI,45,10406,0,COZZETTE,1.0,,,,1.0,,,,,,,,,,,,,
41,2019-03-01,0.0,SI,45,10406,0,CORCORAN,1.0,,,,1.0,,,,,,,,,,,,,
42,2019-02-01,0.0,SI,45,10406,0,CORCORAN,1.0,,,,1.0,,,,,,,,,,,,,
43,2019-02-01,0.0,SI,45,10406,0,COZZETTE,1.0,,,,1.0,,,,,,,,,,,,,
44,2019-02-01,0.0,SI,45,10406,0,WILLIAMS FORK,8.0,,,,8.0,,,,,,,,,,,,,
45,2019-01-01,0.0,SI,45,10406,0,WILLIAMS FORK,8.0,,,,8.0,,,,,,,,,,,,,
46,2019-01-01,0.0,SI,45,10406,0,COZZETTE,1.0,,,,1.0,,,,,,,,,,,,,
47,2019-01-01,0.0,SI,45,10406,0,CORCORAN,1.0,,,,1.0,,,,,,,,,,,,,
48,2018-12-01,0.0,SI,45,10406,0,COZZETTE,1.0,,,,1.0,,,,,,,,,,,,,
49,2018-12-01,0.0,SI,45,10406,0,CORCORAN,1.0,,,,1.0,,,,,,,,,,,,,
50,2018-12-01,0.0,SI,45,10406,0,WILLIAMS FORK,8.0,,,,8.0,,,,,,,,,,,,,
51,2018-11-01,0.0,SI,45,10406,0,WILLIAMS FORK,8.0,,,,8.0,,,,,,,,,,,,,
52,2018-11-01,0.0,SI,45,10406,0,CORCORAN,1.0,,,,1.0,,,,,,,,,,,,,
53,2018-11-01,0.0,SI,45,10406,0,COZZETTE,1.0,,,,1.0,,,,,,,,,,,,,
54,2018-10-01,0.0,SI,45,10406,0,COZZETTE,1.0,,,,1.0,,,,,,,,,,,,,
55,2018-10-01,0.0,SI,45,10406,0,CORCORAN,1.0,,,,1.0,,,,,,,,,,,,,
56,2018-10-01,0.0,SI,45,10406,0,WILLIAMS FORK,8.0,,,,8.0,,,,,,,,,,,,,
57,2018-09-01,0.0,SI,45,10406,0,WILLIAMS FORK,8.0,,,,8.0,,,,,,,,,,,,,
58,2018-09-01,0.0,SI,45,10406,0,CORCORAN,1.0,,,,1.0,,,,,,,,,,,,,
59,2018-09-01,0.0,SI,45,10406,0,COZZETTE,1.0,,,,1.0,,,,,,,,,,,,,
60,2018-08-01,0.0,SI,45,10406,0,COZZETTE,1.0,,,,1.0,,,,,,,,,,,,,
61,2018-08-01,0.0,SI,45,10406,0,CORCORAN,1.0,,,,1.0,,,,,,,,,,,,,
62,2018-08-01,0.0,SI,45,10406,0,WILLIAMS FORK,8.0,,,,8.0,,,,,,,,,,,,,
63,2018-07-01,0.0,SI,45,10406,0,WILLIAMS FORK,8.0,,,,8.0,,,,,,,,,,,,,
64,2018-07-01,0.0,SI,45,10406,0,CORCORAN,1.0,,,,1.0,,,,,,,,,,,,,
65,2018-07-01,0.0,SI,45,10406,0,COZZETTE,1.0,,,,1.0,,,,,,,,,,,,,
66,2018-06-01,0.0,SI,45,10406,0,COZZETTE,1.0,,,,1.0,,,,,,,,,,,,,
67,2018-06-01,0.0,SI,45,10406,0,CORCORAN,1.0,,,,1.0,,,,,,,,,,,,,
68,2018-06-01,0.0,SI,45,10406,0,WILLIAMS FORK,8.0,,,,8.0,,,,,,,,,,,,,
69,2018-05-01,0.0,SI,45,10406,0,WILLIAMS FORK,8.0,,,,8.0,,,,,,,,,,,,,
70,2018-05-01,0.0,SI,45,10406,0,COZZETTE,1.0,,,,1.0,,,,,,,,,,,,,
71,2018-05-01,0.0,SI,45,10406,0,CORCORAN,1.0,,,,1.0,,,,,,,,,,,,,
72,2018-04-01,0.0,SI,45,10406,0,CORCORAN,1.0,,,,1.0,,,,,,,,,,,,,
73,2018-04-01,0.0,SI,45,10406,0,COZZETTE,1.0,,,,1.0,,,,,,,,,,,,,
74,2018-04-01,0.0,SI,45,10406,0,WILLIAMS FORK,8.0,,,,8.0,,,,,,,,,,,,,
75,2018-03-01,0.0,SI,45,10406,0,WILLIAMS FORK,8.0,,,,8.0,,,,,,,,,,,,,
76,2018-03-01,0.0,SI,45,10406,0,COZZETTE,1.0,,,,1.0,,,,,,,,,,,,,
77,2018-03-01,0.0,SI,45,10406,0,CORCORAN,1.0,,,,1.0,,,,,,,,,,,,,
78,2018-02-01,0.0,SI,45,10406,0,CORCORAN,1.0,,,,1.0,,,,,,,,,,,,,
79,2018-02-01,0.0,SI,45,10406,0,COZZETTE,1.0,,,,1.0,,,,,,,,,,,,,
80,2018-02-01,0.0,SI,45,10406,0,WILLIAMS FORK,8.0,,,,8.0,,,,,,,,,,,,,
81,2018-01-01,0.0,SI,45,10406,0,WILLIAMS FORK,8.0,,,,8.0,,,,,,,,,,,,,
82,2018-01-01,0.0,SI,45,10406,0,COZZETTE,1.0,,,,1.0,,,,,,,,,,,,,
83,2018-01-01,0.0,SI,45,10406,0,CORCORAN,1.0,,,,1.0,,,,,,,,,,,,,
84,2017-12-01,0.0,SI,45,10406,0,COZZETTE,1.0,,,,1.0,,,,,,,,,,,,,
85,2017-12-01,0.0,SI,45,10406,0,CORCORAN,1.0,,,,1.0,,,,,,,,,,,,,
86,2017-12-01,0.0,SI,45,10406,0,WILLIAMS FORK,8.0,,,,8.0,,,,,,,,,,,,,
87,2017-11-01,0.0,SI,45,10406,0,WILLIAMS FORK,8.0,,,,8.0,,,,,,,,,,,,,
88,2017-11-01,0.0,SI,45,10406,0,CORCORAN,1.0,,,,1.0,,,,,,,,,,,,,
89,2017-11-01,0.0,SI,45,10406,0,COZZETTE,1.0,,,,1.0,,,,,,,,,,,,,
90,2017-10-01,0.0,SI,45,10406,0,COZZETTE,1.0,,,,1.0,,,,,,,,,,,,,
91,2017-10-01,0.0,SI,45,10406,0,CORCORAN,1.0,,,,1.0,,,,,,,,,,,,,
92,2017-10-01,0.0,SI,45,10406,0,WILLIAMS FORK,8.0,,,,8.0,,,,,,,,,,,,,
93,2017-09-01,0.0,SI,45,10406,0,WILLIAMS FORK,8.0,,,,8.0,,,,,,,,,,,,,
94,2017-09-01,0.0,SI,45,10406,0,CORCORAN,1.0,,,,1.0,,,,,,,,,,,,,
95,2017-09-01,0.0,SI,45,10406,0,COZZETTE,1.0,,,,1.0,,,,,,,,,,,,,
96,2017-08-01,2.0,PR,45,10406,0,COZZETTE,1.0,,,,1.0,,2.0,,1.0,,1.0,1066.0,,,,,,
97,2017-08-01,2.0,PR,45,10406,0,CORCORAN,1.0,,,,1.0,,2.0,,1.0,,1.0,1066.0,,,,,,
98,2017-08-01,2.0,PR,45,10406,0,WILLIAMS FORK,8.0,,,,8.0,,9.0,,4.0,,5.0,1067.0,,,,,,
99,2017-07-01,0.0,SI,45,10406,0,WILLIAMS FORK,8.0,,,,8.0,,,,,,,,,,,,,
100,2017-07-01,0.0,SI,45,10406,0,CORCORAN,1.0,,,,1.0,,,,,,,,,,,,,
101,2017-07-01,0.0,SI,45,10406,0,COZZETTE,1.0,,,,1.0,,,,,,,,,,,,,
102,2017-06-01,0.0,SI,45,10406,0,COZZETTE,1.0,,,,1.0,,,,,,,,,,,,,
103,2017-06-01,0.0,SI,45,10406,0,CORCORAN,1.0,,,,1.0,,,,,,,,,,,,,
104,2017-06-01,0.0,SI,45,10406,0,WILLIAMS FORK,8.0,,,,8.0,,,,,,,,,,,,,
105,2017-05-01,0.0,SI,45,10406,0,WILLIAMS FORK,8.0,,,,8.0,,,,,,,,,,,,,
106,2017-05-01,0.0,SI,45,10406,0,COZZETTE,1.0,,,,1.0,,,,,,,,,,,,,
107,2017-05-01,0.0,SI,45,10406,0,CORCORAN,1.0,,,,1.0,,,,,,,,,,,,,
108,2017-04-01,0.0,SI,45,10406,0,CORCORAN,1.0,,,,1.0,,,,,,,,,,,,,
109,2017-04-01,0.0,SI,45,10406,0,COZZETTE,1.0,,,,1.0,,,,,,,,,,,,,
110,2017-04-01,0.0,SI,45,10406,0,WILLIAMS FORK,8.0,,,,8.0,,,,,,,,,,,,,
111,2017-03-01,0.0,SI,45,10406,0,WILLIAMS FORK,8.0,,,,8.0,,,,,,,,,,,,,
112,2017-03-01,0.0,SI,45,10406,0,COZZETTE,1.0,,,,1.0,,,,,,,,,,,,,
113,2017-03-01,0.0,SI,45,10406,0,CORCORAN,1.0,,,,1.0,,,,,,,,,,,,,
114,2017-02-01,0.0,SI,45,10406,0,CORCORAN,1.0,,,,1.0,,,,,,,,,,,,,
115,2017-02-01,0.0,SI,45,10406,0,COZZETTE,1.0,,,,1.0,,,,,,,,,,,,,
116,2017-02-01,0.0,SI,45,10406,0,WILLIAMS FORK,8.0,,,,8.0,,,,,,,,,,,,,
117,2017-01-01,0.0,SI,45,10406,0,WILLIAMS FORK,8.0,,,,8.0,,,,,,,,,,,,,
118,2017-01-01,0.0,SI,45,10406,0,COZZETTE,1.0,,,,1.0,,,,,,,,,,,,,
119,2017-01-01,0.0,SI,45,10406,0,CORCORAN,1.0,,,,1.0,,,,,,,,,,,,,
120,2016-12-01,0.0,SI,45,10406,0,COZZETTE,1.0,,,,1.0,,,,,,,,,,,,,
121,2016-12-01,0.0,SI,45,10406,0,CORCORAN,1.0,,,,1.0,,,,,,,,,,,,,
122,2016-12-01,0.0,SI,45,10406,0,WILLIAMS FORK,8.0,,,,8.0,,,,,,,,,,,,,
123,2016-11-01,0.0,SI,45,10406,0,WILLIAMS FORK,8.0,,,,8.0,,,,,,,,,,,,,
124,2016-11-01,0.0,SI,45,10406,0,CORCORAN,1.0,,,,1.0,,,,,,,,,,,,,
125,2016-11-01,0.0,SI,45,10406,0,COZZETTE,1.0,,,,1.0,,,,,,,,,,,,,
126,2016-10-01,0.0,SI,45,10406,0,COZZETTE,1.0,,,,1.0,,,,,,,,,,,,,
127,2016-10-01,0.0,SI,45,10406,0,CORCORAN,1.0,,,,1.0,,,,,,,,,,,,,
128,2016-10-01,0.0,SI,45,10406,0,WILLIAMS FORK,8.0,,,,8.0,,,,,,,,,,,,,
129,2016-09-01,0.0,SI,45,10406,0,WILLIAMS FORK,8.0,,,,8.0,,,,,,,,,,,,,
130,2016-09-01,0.0,SI,45,10406,0,CORCORAN,1.0,,,,1.0,,,,,,,,,,,,,
131,2016-09-01,0.0,SI,45,10406,0,COZZETTE,1.0,,,,1.0,,,,,,,,,,,,,
132,2016-08-01,0.0,SI,45,10406,0,COZZETTE,1.0,,,,1.0,,,,,,,,,,,,,
133,2016-08-01,0.0,SI,45,10406,0,CORCORAN,1.0,,,,1.0,,,,,,,,,,,,,
134,2016-08-01,0.0,SI,45,10406,0,WILLIAMS FORK,8.0,,,,8.0,,,,,,,,,,,,,
135,2016-07-01,0.0,SI,45,10406,0,WILLIAMS FORK,8.0,,,,8.0,,,,,,,,,,,,,
136,2016-07-01,0.0,SI,45,10406,0,CORCORAN,1.0,,,,1.0,,,,,,,,,,,,,
137,2016-07-01,0.0,SI,45,10406,0,COZZETTE,1.0,,,,1.0,,,,,,,,,,,,,
138,2016-06-01,1.0,PR,45,10406,0,COZZETTE,1.0,,,,1.0,,1.0,,,,1.0,1076.0,,,,,,
139,2016-06-01,1.0,PR,45,10406,0,CORCORAN,1.0,,,,1.0,,1.0,,,,1.0,1076.0,,,,,,
140,2016-06-01,1.0,PR,45,10406,0,WILLIAMS FORK,8.0,,,,8.0,,8.0,,2.0,,6.0,1076.0,,,,,,
141,2016-05-01,0.0,SI,45,10406,0,WILLIAMS FORK,8.0,,,,8.0,,,,,,,,,,,,,
142,2016-05-01,0.0,SI,45,10406,0,COZZETTE,1.0,,,,1.0,,,,,,,,,,,,,
143,2016-05-01,0.0,SI,45,10406,0,CORCORAN,1.0,,,,1.0,,,,,,,,,,,,,
144,2016-04-01,0.0,SI,45,10406,0,CORCORAN,1.0,,,,1.0,,,,,,,,,,,,,
145,2016-04-01,0.0,SI,45,10406,0,COZZETTE,1.0,,,,1.0,,,,,,,,,,,,,
146,2016-04-01,0.0,SI,45,10406,0,WILLIAMS FORK,8.0,,,,8.0,,,,,,,,,,,,,
147,2016-03-01,0.0,SI,45,10406,0,WILLIAMS FORK,8.0,,,,8.0,,,,,,,,,,,,,
148,2016-03-01,0.0,SI,45,10406,0,COZZETTE,1.0,,,,1.0,,,,,,,,,,,,,
149,2016-03-01,0.0,SI,45,10406,0,CORCORAN,1.0,,,,1.0,,,,,,,,,,,,,
150,2016-02-01,4.0,PR,45,10406,0,CORCORAN,1.0,,,,1.0,,71.0,,2.0,,69.0,1076.0,,,46.0,,,C
151,2016-02-01,4.0,PR,45,10406,0,COZZETTE,1.0,,,,1.0,,71.0,,2.0,,69.0,1076.0,,,46.0,,,M
152,2016-02-01,4.0,PR,45,10406,0,WILLIAMS FORK,8.0,,,,8.0,,448.0,,9.0,,439.0,1076.0,,,289.0,,,C
153,2016-01-01,31.0,PR,45,10406,0,WILLIAMS FORK,8.0,,,,8.0,,4248.0,,71.0,,4177.0,1075.0,,,2037.0,,,C
154,2016-01-01,31.0,PR,45,10406,0,COZZETTE,1.0,,,,1.0,,671.0,,11.0,,660.0,1075.0,,,322.0,,,C
155,2016-01-01,31.0,PR,45,10406,0,CORCORAN,1.0,,,,1.0,,671.0,,11.0,,660.0,1075.0,,,322.0,,,C
156,2015-12-01,31.0,PR,45,10406,0,COZZETTE,1.0,,,,1.0,,671.0,,11.0,,660.0,1075.0,,,324.0,,,C
157,2015-12-01,31.0,PR,45,10406,0,CORCORAN,1.0,,,,1.0,,671.0,,11.0,,660.0,1075.0,,,324.0,,,M
158,2015-12-01,31.0,PR,45,10406,0,WILLIAMS FORK,8.0,,,,8.0,,4253.0,,71.0,,4182.0,1075.0,,,2054.0,,,M
159,2015-11-01,30.0,PR,45,10406,0,WILLIAMS FORK,8.0,,,,8.0,,4392.0,,68.0,,4324.0,1075.0,,,2075.0,,,C
160,2015-11-01,30.0,PR,45,10406,0,CORCORAN,1.0,,,,1.0,,693.0,,11.0,,682.0,1075.0,,,328.0,,,C
161,2015-11-01,30.0,PR,45,10406,0,COZZETTE,1.0,,,,1.0,,693.0,,11.0,,682.0,1075.0,,,328.0,,,M
162,2015-10-01,31.0,PR,45,10406,0,COZZETTE,,1.0,,,1.0,,712.0,,11.0,,701.0,1075.0,,,379.0,,,C
163,2015-10-01,31.0,PR,45,10406,0,CORCORAN,,1.0,,,1.0,,712.0,,11.0,,701.0,1075.0,,,379.0,,,C
164,2015-10-01,31.0,PR,45,10406,0,WILLIAMS FORK,,8.0,,,8.0,,4508.0,,71.0,,4437.0,1075.0,,,2401.0,,,C
165,2015-09-01,30.0,PR,45,10406,0,WILLIAMS FORK,,1.0,1.0,,,46.7,4219.0,,68.0,,4151.0,1075.0,,,,,,
166,2015-09-01,30.0,PR,45,10406,0,CORCORAN,,,,,,,666.0,,11.0,,655.0,1075.0,,,,,,
167,2015-09-01,30.0,PR,45,10406,0,COZZETTE,,,,,,,666.0,,11.0,,655.0,1075.0,,,,,,
168,2015-08-01,31.0,PR,45,10406,0,COZZETTE,,,,,,,729.0,,11.0,,718.0,1075.0,,,,,,
169,2015-08-01,31.0,PR,45,10406,0,CORCORAN,,,,,,,729.0,,11.0,,718.0,1075.0,,,,,,
170,2015-08-01,31.0,PR,45,10406,0,WILLIAMS FORK,,,,,,,4618.0,,71.0,,4547.0,1075.0,,,,,,
171,2015-07-01,31.0,PR,45,10406,0,WILLIAMS FORK,,,,,,,4650.0,,71.0,,4579.0,1071.0,,,,,,
172,2015-07-01,31.0,PR,45,10406,0,CORCORAN,,,,,,,734.0,,11.0,,723.0,1071.0,,,,,,
173,2015-07-01,31.0,PR,45,10406,0,COZZETTE,,,,,,,734.0,,11.0,,723.0,1071.0,,,,,,
174,2015-06-01,30.0,PR,45,10406,0,COZZETTE,,,,,,,715.0,,11.0,,704.0,1071.0,,,,,,
175,2015-06-01,30.0,PR,45,10406,0,CORCORAN,,,,,,,715.0,,11.0,,704.0,1071.0,,,,,,
176,2015-06-01,30.0,PR,45,10406,0,WILLIAMS FORK,,,,,,,4529.0,,68.0,,4461.0,1071.0,,,,,,
177,2015-05-01,31.0,PR,45,10406,0,WILLIAMS FORK,,,,,,,5289.0,,71.0,,5218.0,1071.0,,,,,,
178,2015-05-01,31.0,PR,45,10406,0,COZZETTE,,,,,,,835.0,,11.0,,824.0,1071.0,,,,,,
179,2015-05-01,31.0,PR,45,10406,0,CORCORAN,,,,,,,835.0,,11.0,,824.0,1071.0,,,,,,
180,2015-04-01,30.0,PR,45,10406,0,CORCORAN,,,,,,,926.0,,11.0,,915.0,1071.0,,,,,,
181,2015-04-01,30.0,PR,45,10406,0,COZZETTE,,,,,,,926.0,,11.0,,915.0,1071.0,,,,,,
182,2015-04-01,30.0,PR,45,10406,0,WILLIAMS FORK,,,,,,,5866.0,,68.0,,5798.0,1071.0,,,,,,
183,2015-03-01,31.0,PR,45,10406,0,WILLIAMS FORK,,1.0,1.0,,,48.6,6211.0,,71.0,,6140.0,1071.0,,,2774.0,,,C
184,2015-03-01,31.0,PR,45,10406,0,COZZETTE,,,,,,,980.0,,11.0,,969.0,1071.0,,,438.0,,,C
185,2015-03-01,31.0,PR,45,10406,0,CORCORAN,,,,,,,980.0,,11.0,,969.0,1071.0,,,438.0,,,C
186,2015-02-01,28.0,PR,45,10406,0,CORCORAN,,,,,,,908.0,,10.0,,898.0,1069.0,,,414.0,,,C
187,2015-02-01,28.0,PR,45,10406,0,COZZETTE,,,,,,,908.0,,10.0,,898.0,1069.0,,,414.0,,,C
188,2015-02-01,28.0,PR,45,10406,0,WILLIAMS FORK,,1.0,1.0,,,49.0,5751.0,,64.0,,5687.0,1069.0,,,2623.0,,,C
189,2015-01-01,31.0,PR,45,10406,0,WILLIAMS FORK,,,,,,,6774.0,,71.0,,6703.0,1069.0,,,3497.0,,,C
190,2015-01-01,31.0,PR,45,10406,0,COZZETTE,,,,,,,1069.0,,11.0,,1058.0,1069.0,,,552.0,,,C
191,2015-01-01,31.0,PR,45,10406,0,CORCORAN,,,,,,,1069.0,,11.0,,1058.0,1069.0,,,552.0,,,C
192,2014-12-01,31.0,PR,45,10406,0,COZZETTE,,,,,,,1009.0,,11.0,,998.0,1069.0,,,699.0,,,C
193,2014-12-01,31.0,PR,45,10406,0,CORCORAN,,,,,,,1009.0,,11.0,,998.0,1069.0,,,700.0,,,C
194,2014-12-01,31.0,PR,45,10406,0,WILLIAMS FORK,,,,,,,6394.0,,71.0,,6323.0,1069.0,,,4430.0,,,C
195,2014-11-01,30.0,PR,45,10406,0,WILLIAMS FORK,,,,,,,6220.0,,68.0,,6152.0,1078.0,,,6594.0,,,C
196,2014-11-01,30.0,PR,45,10406,0,CORCORAN,,,,,,,983.0,,11.0,,972.0,1078.0,,,1041.0,,,C
197,2014-11-01,30.0,PR,45,10406,0,COZZETTE,,,,,,,982.0,,11.0,,971.0,1078.0,,,1041.0,,,C
198,2014-10-01,20.0,PR,45,10406,0,COZZETTE,,,,,,,181.0,,7.0,,174.0,1078.0,,,772.0,,,C
199,2014-10-01,20.0,PR,45,10406,0,CORCORAN,,,,,,,181.0,,7.0,,174.0,1078.0,,,772.0,,,C
200,2014-10-01,20.0,PR,45,10406,0,WILLIAMS FORK,,,,,,,1147.0,,46.0,,1101.0,1078.0,,,4887.0,,,C
201,2014-09-01,1.0,PR,45,10406,0,WILLIAMS FORK,,,,,,,26.0,,2.0,,24.0,1077.0,,,,,,
202,2014-09-01,1.0,PR,45,10406,0,CORCORAN,,,,,,,5.0,,1.0,,4.0,1078.0,,,,,,
203,2014-09-01,1.0,PR,45,10406,0,COZZETTE,,,,,,,4.0,,,,4.0,1078.0,,,,,,
204,2014-08-01,,SI,45,10406,0,COZZETTE,,,,,,,,,,,,,,,,,,
205,2014-08-01,,SI,45,10406,0,CORCORAN,,,,,,,,,,,,,,,,,,
206,2014-08-01,,SI,45,10406,0,WILLIAMS FORK,,,,,,,,,,,,,,,,,,
207,2014-07-01,,SI,45,10406,0,WILLIAMS FORK,,,,,,,,,,,,,,,,,,
208,2014-07-01,,SI,45,10406,0,CORCORAN,,,,,,,,,,,,,,,,,,
209,2014-07-01,,SI,45,10406,0,COZZETTE,,,,,,,,,,,,,,,,,,
210,2014-06-01,,SI,45,10406,0,COZZETTE,,,,,,,,,,,,,,,,,,
211,2014-06-01,,SI,45,10406,0,CORCORAN,,,,,,,,,,,,,,,,,,
212,2014-06-01,,SI,45,10406,0,WILLIAMS FORK,,,,,,,,,,,,,,,,,,
213,2014-05-01,23.0,PR,45,10406,0,WILLIAMS FORK,,,,,,,1051.0,,53.0,,998.0,1078.0,,,4584.0,,,C
214,2014-05-01,23.0,PR,45,10406,0,COZZETTE,,,,,,,166.0,,8.0,,158.0,1078.0,,,724.0,,,C
215,2014-05-01,23.0,PR,45,10406,0,CORCORAN,,,,,,,166.0,,8.0,,158.0,1078.0,,,723.0,,,C
216,2014-04-01,8.0,PR,45,10406,0,CORCORAN,,,,,,,41.0,,3.0,,38.0,1078.0,,,223.0,,,C
217,2014-04-01,8.0,PR,45,10406,0,COZZETTE,,,,,,,41.0,,3.0,,38.0,1078.0,,,225.0,,,C
218,2014-04-01,8.0,PR,45,10406,0,WILLIAMS FORK,,,,,,,262.0,,18.0,,244.0,1078.0,,,1419.0,,,C
219,2014-03-01,,SI,45,10406,0,WILLIAMS FORK,,,,,,,,,,,,,,,,,,
220,2014-03-01,,SI,45,10406,0,COZZETTE,,,,,,,,,,,,,,,,,,
221,2014-03-01,,SI,45,10406,0,CORCORAN,,,,,,,,,,,,,,,,,,
222,2014-02-01,,SI,45,10406,0,CORCORAN,,,,,,,,,,,,,,,,,,
223,2014-02-01,,SI,45,10406,0,COZZETTE,,,,,,,,,,,,,,,,,,
224,2014-02-01,,SI,45,10406,0,WILLIAMS FORK,,,,,,,,,,,,,,,,,,
225,2014-01-01,,SI,45,10406,0,WILLIAMS FORK,,,,,,,,,,,,,,,,,,
226,2014-01-01,,SI,45,10406,0,COZZETTE,,,,,,,,,,,,,,,,,,
227,2014-01-01,,SI,45,10406,0,CORCORAN,,,,,,,,,,,,,,,,,,
228,2013-12-01,,SI,45,10406,0,COZZETTE,,,,,,,,,,,,,,,,,,
229,2013-12-01,,SI,45,10406,0,CORCORAN,,,,,,,,,,,,,,,,,,
230,2013-12-01,,SI,45,10406,0,WILLIAMS FORK,,,,,,,,,,,,,,,,,,
231,2013-11-01,,SI,45,10406,0,WILLIAMS FORK,,,,,,,,,,,,,,,,,,
232,2013-11-01,,SI,45,10406,0,CORCORAN,,,,,,,,,,,,,,,,,,
233,2013-11-01,,SI,45,10406,0,COZZETTE,,,,,,,,,,,,,,,,,,
234,2013-10-01,,SI,45,10406,0,COZZETTE,,,,,,,,,,,,,,,,,,
235,2013-10-01,,SI,45,10406,0,CORCORAN,,,,,,,,,,,,,,,,,,
236,2013-10-01,,SI,45,10406,0,WILLIAMS FORK,,,,,,,,,,,,,,,,,,
237,2013-09-01,,SI,45,10406,0,WILLIAMS FORK,,,,,,,,,,,,,,,,,,
238,2013-09-01,,SI,45,10406,0,CORCORAN,,,,,,,,,,,,,,,,,,
239,2013-09-01,,SI,45,10406,0,COZZETTE,,,,,,,,,,,,,,,,,,
240,2013-08-01,,SI,45,10406,0,COZZETTE,,,,,,,,,,,,,,,,,,
241,2013-08-01,,SI,45,10406,0,CORCORAN,,,,,,,,,,,,,,,,,,
242,2013-08-01,,SI,45,10406,0,WILLIAMS FORK,,,,,,,,,,,,,,,,,,
243,2013-07-01,,SI,45,10406,0,WILLIAMS FORK,,,,,,,,,,,,,,,,,,
244,2013-07-01,,SI,45,10406,0,CORCORAN,,,,,,,,,,,,,,,,,,
245,2013-07-01,,SI,45,10406,0,COZZETTE,,,,,,,,,,,,,,,,,,
246,2013-06-01,,SI,45,10406,0,COZZETTE,,,,,,,,,,,,,,,,,,
247,2013-06-01,,SI,45,10406,0,CORCORAN,,,,,,,,,,,,,,,,,,
248,2013-06-01,,SI,45,10406,0,WILLIAMS FORK,,,,,,,,,,,,,,,,,,
249,2013-05-01,,SI,45,10406,0,WILLIAMS FORK,,,,,,,,,,,,,,,,,,
250,2013-05-01,,SI,45,10406,0,COZZETTE,,,,,,,,,,,,,,,,,,
251,2013-05-01,,SI,45,10406,0,CORCORAN,,,,,,,,,,,,,,,,,,
252,2013-04-01,,SI,45,10406,0,CORCORAN,,,,,,,,,,,,,,,,,,
253,2013-04-01,,SI,45,10406,0,COZZETTE,,,,,,,,,,,,,,,,,,
254,2013-04-01,,SI,45,10406,0,WILLIAMS FORK,,,,,,,,,,,,,,,,,,
255,2013-03-01,,SI,45,10406,0,WILLIAMS FORK,,,,,,,,,,,,,,,,,,
256,2013-03-01,,SI,45,10406,0,COZZETTE,,,,,,,,,,,,,,,,,,
257,2013-03-01,,SI,45,10406,0,CORCORAN,,,,,,,,,,,,,,,,,,
258,2013-02-01,,SI,45,10406,0,CORCORAN,,,,,,,,,,,,,,,,,,
259,2013-02-01,,SI,45,10406,0,COZZETTE,,,,,,,,,,,,,,,,,,
260,2013-02-01,,SI,45,10406,0,WILLIAMS FORK,,,,,,,,,,,,,,,,,,
261,2013-01-01,,SI,45,10406,0,WILLIAMS FORK,,,,,,,,,,,,,,,,,,
262,2013-01-01,,SI,45,10406,0,COZZETTE,,,,,,,,,,,,,,,,,,
263,2013-01-01,,SI,45,10406,0,CORCORAN,,,,,,,,,,,,,,,,,,
264,2012-12-01,,SI,45,10406,0,COZZETTE,,,,,,,,,,,,,,,,,,
265,2012-12-01,,SI,45,10406,0,CORCORAN,,,,,,,,,,,,,,,,,,
266,2012-12-01,,SI,45,10406,0,WILLIAMS FORK,,,,,,,,,,,,,,,,,,
267,2012-11-01,,SI,45,10406,0,WILLIAMS FORK,,,,,,,,,,,,,,,,,,
268,2012-11-01,,SI,45,10406,0,CORCORAN,,,,,,,,,,,,,,,,,,
269,2012-11-01,,SI,45,10406,0,COZZETTE,,,,,,,,,,,,,,,,,,
270,2012-10-01,,SI,45,10406,0,COZZETTE,,,,,,,,,,,,,,,,,,
271,2012-10-01,,SI,45,10406,0,CORCORAN,,,,,,,,,,,,,,,,,,
272,2012-10-01,,SI,45,10406,0,WILLIAMS FORK,,,,,,,,,,,,,,,,,,
273,2012-09-01,,SI,45,10406,0,WILLIAMS FORK,,,,,,,,,,,,,,,,,,
274,2012-09-01,,SI,45,10406,0,CORCORAN,,,,,,,,,,,,,,,,,,
275,2012-09-01,,SI,45,10406,0,COZZETTE,,,,,,,,,,,,,,,,,,
276,2012-08-01,,SI,45,10406,0,COZZETTE,,,,,,,,,,,,,,,,,,
277,2012-08-01,,SI,45,10406,0,CORCORAN,,,,,,,,,,,,,,,,,,
278,2012-08-01,,SI,45,10406,0,WILLIAMS FORK,,,,,,,,,,,,,,,,,,
279,2012-07-01,,SI,45,10406,0,WILLIAMS FORK,,,,,,,,,,,,,,,,,,
280,2012-07-01,,SI,45,10406,0,CORCORAN,,,,,,,,,,,,,,,,,,
281,2012-07-01,,SI,45,10406,0,COZZETTE,,,,,,,,,,,,,,,,,,
282,2012-06-01,,SI,45,10406,0,COZZETTE,,,,,,,,,,,,,,,,,,
283,2012-06-01,,SI,45,10406,0,CORCORAN,,,,,,,,,,,,,,,,,,
284,2012-06-01,,SI,45,10406,0,WILLIAMS FORK,,,,,,,,,,,,,,,,,,
285,2012-05-01,13.0,PR,45,10406,0,WILLIAMS FORK,,,,,,,82.0,,29.0,,53.0,1073.0,,,65.0,,,P
286,2012-05-01,13.0,PR,45,10406,0,COZZETTE,,,,,,,13.0,,5.0,,8.0,1073.0,,,10.0,,,P
287,2012-05-01,13.0,PR,45,10406,0,CORCORAN,,,,,,,14.0,,5.0,,9.0,1073.0,,,10.0,,,P
288,2012-04-01,22.0,PR,45,10406,0,CORCORAN,,,,,,,48.0,,8.0,,40.0,1073.0,,,56.0,,,P
289,2012-04-01,22.0,PR,45,10406,0,COZZETTE,,,,,,,48.0,,8.0,,40.0,1073.0,,,55.0,,,P
290,2012-04-01,22.0,PR,45,10406,0,WILLIAMS FORK,,,,,,,302.0,,50.0,,252.0,1073.0,,,350.0,,,P
291,2012-03-01,31.0,PR,45,10406,0,WILLIAMS FORK,,,,,,,555.0,,71.0,,484.0,1073.0,,,535.0,,,P
292,2012-03-01,31.0,PR,45,10406,0,COZZETTE,,,,,,,87.0,,11.0,,76.0,1073.0,,,84.0,,,P
293,2012-03-01,31.0,PR,45,10406,0,CORCORAN,,,,,,,88.0,,11.0,,77.0,1073.0,,,85.0,,,P
294,2012-02-01,28.0,PR,45,10406,0,CORCORAN,,,,,,,99.0,,10.0,,89.0,1078.0,,,95.0,,,P
295,2012-02-01,28.0,PR,45,10406,0,COZZETTE,,,,,,,100.0,,10.0,,90.0,1078.0,,,96.0,,,P
296,2012-02-01,28.0,PR,45,10406,0,WILLIAMS FORK,,,,,,,629.0,,64.0,,565.0,1078.0,,,605.0,,,P
297,2012-01-01,31.0,PR,45,10406,0,WILLIAMS FORK,,,,,,,796.0,,71.0,,725.0,1078.0,,,696.0,,,P
298,2012-01-01,31.0,PR,45,10406,0,COZZETTE,,,,,,,126.0,,11.0,,115.0,1078.0,,,110.0,,,P
299,2012-01-01,31.0,PR,45,10406,0,CORCORAN,,,,,,,125.0,,11.0,,114.0,1078.0,,,110.0,,,P
300,2011-12-01,31.0,PR,45,10406,0,COZZETTE,,,,,,,132.0,,11.0,,121.0,1078.0,,,109.0,,,P
301,2011-12-01,31.0,PR,45,10406,0,CORCORAN,,,,,,,132.0,,11.0,,121.0,1078.0,,,109.0,,,P
302,2011-12-01,31.0,PR,45,10406,0,WILLIAMS FORK,,,,,,,838.0,,71.0,,767.0,1078.0,,,688.0,,,P
303,2011-11-01,29.0,PR,45,10406,0,WILLIAMS FORK,,,,,,,744.0,,66.0,,678.0,1078.0,0.0,,670.0,,,P
304,2011-11-01,29.0,PR,45,10406,0,CORCORAN,,,,,,,118.0,,11.0,,107.0,1078.0,0.0,,105.0,,,P
305,2011-11-01,29.0,PR,45,10406,0,COZZETTE,,,,,,,117.0,,10.0,,107.0,1078.0,0.0,,106.0,,,P
306,2011-10-01,31.0,PR,45,10406,0,COZZETTE,,,,,,,200.0,,11.0,,189.0,1078.0,,,164.0,,,P
307,2011-10-01,31.0,PR,45,10406,0,CORCORAN,,,,,,,200.0,,11.0,,189.0,1078.0,,,165.0,,,P
308,2011-10-01,31.0,PR,45,10406,0,WILLIAMS FORK,,,,,,,1270.0,,71.0,,1199.0,1078.0,,,1041.0,,,P
309,2011-09-01,30.0,PR,45,10406,0,WILLIAMS FORK,,,,,,,1173.0,,68.0,,1105.0,1078.0,,,1054.0,,,P
310,2011-09-01,30.0,PR,45,10406,0,CORCORAN,,,,,,,185.0,,11.0,,174.0,1078.0,,,166.0,,,P
311,2011-09-01,30.0,PR,45,10406,0,COZZETTE,,,,,,,185.0,,11.0,,174.0,1078.0,,,166.0,,,P
312,2011-08-01,31.0,PR,45,10406,0,COZZETTE,,,,,,,179.0,,11.0,,168.0,1076.0,,,190.0,,,P
313,2011-08-01,31.0,PR,45,10406,0,CORCORAN,,,,,,,179.0,,11.0,,168.0,1076.0,,,191.0,,,P
314,2011-08-01,31.0,PR,45,10406,0,WILLIAMS FORK,,,,,,,1136.0,,71.0,,1065.0,1076.0,,,1208.0,,,P
315,2011-07-01,31.0,PR,45,10406,0,WILLIAMS FORK,,,,,,,1202.0,,71.0,,1131.0,1076.0,,,1279.0,,,P
316,2011-07-01,31.0,PR,45,10406,0,CORCORAN,,,,,,,189.0,,11.0,,178.0,1076.0,,,202.0,,,P
317,2011-07-01,31.0,PR,45,10406,0,COZZETTE,,,,,,,190.0,,11.0,,179.0,1076.0,,,202.0,,,P
318,2011-06-01,30.0,PR,45,10406,0,COZZETTE,,,,,,,135.0,,11.0,,124.0,1076.0,,,340.0,,,P
319,2011-06-01,30.0,PR,45,10406,0,CORCORAN,,,,,,,134.0,,11.0,,123.0,1076.0,,,340.0,,,P
320,2011-06-01,30.0,PR,45,10406,0,WILLIAMS FORK,,,,,,,851.0,,69.0,,782.0,1076.0,,,2155.0,,,P
321,2011-05-01,31.0,PR,45,10406,0,WILLIAMS FORK,2.0,,,-2.0,,,1171.0,,70.0,,1101.0,1076.0,,,7038.0,,,P
322,2011-05-01,31.0,PR,45,10406,0,COZZETTE,,,,,,,185.0,,11.0,,174.0,1076.0,,,1111.0,,,P
323,2011-05-01,31.0,PR,45,10406,0,CORCORAN,,,,,,,185.0,,11.0,,174.0,1076.0,,,1111.0,,,P
324,2011-04-01,10.0,PR,45,10406,0,CORCORAN,,,,,,,39.0,,3.0,,36.0,1021.0,,,358.0,,,P
325,2011-04-01,10.0,PR,45,10406,0,COZZETTE,,,,,,,40.0,,4.0,,36.0,1021.0,,,358.0,,,P
326,2011-04-01,10.0,PR,45,10406,0,WILLIAMS FORK,2.0,,,,2.0,,249.0,,23.0,,226.0,1021.0,,,2265.0,,,P
327,2011-03-01,,SI,45,10406,0,WILLIAMS FORK,2.0,,,,2.0,,,,,,,,,,,,,
328,2011-03-01,,SI,45,10406,0,COZZETTE,,,,,,,,,,,,,,,,,,
329,2011-03-01,,SI,45,10406,0,CORCORAN,,,,,,,,,,,,,,,,,,
330,2011-02-01,,SI,45,10406,0,CORCORAN,,,,,,,,,,,,,,,,,,
331,2011-02-01,,SI,45,10406,0,COZZETTE,,,,,,,,,,,,,,,,,,
332,2011-02-01,,SI,45,10406,0,WILLIAMS FORK,2.0,,,,2.0,,,,,,,,,,,,,
333,2011-01-01,,SI,45,10406,0,WILLIAMS FORK,2.0,,,,2.0,,,,,,,,,,,,,
334,2011-01-01,,SI,45,10406,0,COZZETTE,,,,,,,,,,,,,,,,,,
335,2011-01-01,,SI,45,10406,0,CORCORAN,,,,,,,,,,,,,,,,,,
336,2010-12-01,,SI,45,10406,0,COZZETTE,,,,,,,,,,,,,,,,,,
337,2010-12-01,,SI,45,10406,0,CORCORAN,,,,,,,,,,,,,,,,,,
338,2010-12-01,,SI,45,10406,0,WILLIAMS FORK,2.0,,,,2.0,,,,,,,,,,,,,
339,2010-11-01,,SI,45,10406,0,WILLIAMS FORK,2.0,,,,2.0,,,,,,,,,,,,,
340,2010-11-01,,SI,45,10406,0,CORCORAN,,,,,,,,,,,,,,,,,,
341,2010-11-01,,SI,45,10406,0,COZZETTE,,,,,,,,,,,,,,,,,,
342,2010-10-01,,SI,45,10406,0,COZZETTE,,,,,,,,,,,,,,,,,,
343,2010-10-01,,SI,45,10406,0,CORCORAN,,,,,,,,,,,,,,,,,,
344,2010-10-01,,SI,45,10406,0,WILLIAMS FORK,2.0,,,,2.0,,,,,,,,,,,,,
345,2010-09-01,,SI,45,10406,0,WILLIAMS FORK,2.0,,,,2.0,,,,,,,,,,,,,
346,2010-09-01,,SI,45,10406,0,CORCORAN,,,,,,,,,,,,,,,,,,
347,2010-09-01,,SI,45,10406,0,COZZETTE,,,,,,,,,,,,,,,,,,
348,2010-08-01,,SI,45,10406,0,COZZETTE,,,,,,,,,,,,,,,,,,
349,2010-08-01,,SI,45,10406,0,CORCORAN,,,,,,,,,,,,,,,,,,
350,2010-08-01,,SI,45,10406,0,WILLIAMS FORK,2.0,,,,2.0,,,,,,,,,,,,,
351,2010-07-01,,SI,45,10406,0,WILLIAMS FORK,2.0,,,,2.0,,,,,,,,,,,,,
352,2010-07-01,,SI,45,10406,0,CORCORAN,,,,,,,,,,,,,,,,,,
353,2010-07-01,,SI,45,10406,0,COZZETTE,,,,,,,,,,,,,,,,,,
354,2010-06-01,,SI,45,10406,0,COZZETTE,,,,,,,,,,,,,,,,,,
355,2010-06-01,,SI,45,10406,0,CORCORAN,,,,,,,,,,,,,,,,,,
356,2010-06-01,,SI,45,10406,0,WILLIAMS FORK,2.0,,,,2.0,,,,,,,,,,,,,
357,2010-05-01,,SI,45,10406,0,WILLIAMS FORK,2.0,,,,2.0,,,,,,,,,,,,,
358,2010-05-01,,SI,45,10406,0,COZZETTE,,,,,,,,,,,,,,,,,,
359,2010-05-01,,SI,45,10406,0,CORCORAN,,,,,,,,,,,,,,,,,,
360,2010-04-01,,SI,45,10406,0,CORCORAN,,,,,,,,,,,,,,,,,,
361,2010-04-01,,SI,45,10406,0,COZZETTE,,,,,,,,,,,,,,,,,,
362,2010-04-01,,SI,45,10406,0,WILLIAMS FORK,2.0,,,,2.0,,,,,,,,,,,,,
363,2010-03-01,,SI,45,10406,0,WILLIAMS FORK,2.0,,,,2.0,,,,,,,,,,,,,
364,2010-03-01,,SI,45,10406,0,COZZETTE,,,,,,,,,,,,,,,,,,
365,2010-03-01,,SI,45,10406,0,CORCORAN,,,,,,,,,,,,,,,,,,
366,2010-02-01,,SI,45,10406,0,CORCORAN,,,,,,,,,,,,,,,,,,
367,2010-02-01,,SI,45,10406,0,COZZETTE,,,,,,,,,,,,,,,,,,
368,2010-02-01,,SI,45,10406,0,WILLIAMS FORK,2.0,,,,2.0,,,,,,,,,,,,,
369,2010-01-01,,SI,45,10406,0,WILLIAMS FORK,2.0,,,,2.0,,,,,,,,,,,,,
370,2010-01-01,,SI,45,10406,0,COZZETTE,,,,,,,,,,,,,,,,,,
371,2010-01-01,,SI,45,10406,0,CORCORAN,,,,,,,,,,,,,,,,,,
372,2009-12-01,,SI,45,10406,0,COZZETTE,,,,,,,,,,,,,,,,,,
373,2009-12-01,,SI,45,10406,0,CORCORAN,,,,,,,,,,,,,,,,,,
374,2009-12-01,,SI,45,10406,0,WILLIAMS FORK,2.0,,,,2.0,,,,,,,,,,,,,
375,2009-11-01,,SI,45,10406,0,WILLIAMS FORK,2.0,,,,2.0,,,,,,,,,,,,,
376,2009-11-01,,SI,45,10406,0,CORCORAN,,,,,,,,,,,,,,,,,,
377,2009-11-01,,SI,45,10406,0,COZZETTE,,,,,,,,,,,,,,,,,,
378,2009-10-01,,SI,45,10406,0,COZZETTE,,,,,,,,,,,,,,,,,,
379,2009-10-01,,SI,45,10406,0,CORCORAN,,,,,,,,,,,,,,,,,,
380,2009-10-01,,SI,45,10406,0,WILLIAMS FORK,2.0,,,,2.0,,,,,,,,,,,,,
381,2009-09-01,,SI,45,10406,0,WILLIAMS FORK,2.0,,,,2.0,,,,,,,,,,,,,
382,2009-09-01,,SI,45,10406,0,CORCORAN,,,,,,,,,,,,,,,,,,
383,2009-09-01,,SI,45,10406,0,COZZETTE,,,,,,,,,,,,,,,,,,
384,2009-08-01,,SI,45,10406,0,COZZETTE,,,,,,,,,,,,,,,,,,
385,2009-08-01,,SI,45,10406,0,CORCORAN,,,,,,,,,,,,,,,,,,
386,2009-08-01,,SI,45,10406,0,WILLIAMS FORK,2.0,,,,2.0,,,,,,,,,,,,,
387,2009-07-01,,SI,45,10406,0,WILLIAMS FORK,2.0,,,,2.0,,,,,,,,,,,,,
388,2009-07-01,,SI,45,10406,0,CORCORAN,,,,,,,,,,,,,,,,,,
389,2009-07-01,,SI,45,10406,0,COZZETTE,,,,,,,,,,,,,,,,,,
390,2009-06-01,,SI,45,10406,0,COZZETTE,,,,,,,,,,,,,,,,,,
391,2009-06-01,,SI,45,10406,0,CORCORAN,,,,,,,,,,,,,,,,,,
392,2009-06-01,,SI,45,10406,0,WILLIAMS FORK,2.0,,,,2.0,,,,,,,,,,,,,
393,2009-05-01,31.0,PR,45,10406,0,WILLIAMS FORK,2.0,,,,2.0,,121.0,,71.0,,50.0,1063.0,,,20.0,,,P
394,2009-05-01,31.0,PR,45,10406,0,COZZETTE,,,,,,,19.0,,11.0,,8.0,1063.0,,,3.0,,,P
395,2009-05-01,31.0,PR,45,10406,0,CORCORAN,,,,,,,19.0,,11.0,,8.0,1063.0,,,3.0,,,P
396,2009-04-01,28.0,PR,45,10406,0,CORCORAN,,,,,,,19.0,,10.0,,9.0,1061.0,,,3.0,,,P
397,2009-04-01,28.0,PR,45,10406,0,COZZETTE,,,,,,,19.0,,10.0,,9.0,1061.0,,,3.0,,,P
398,2009-04-01,28.0,PR,45,10406,0,WILLIAMS FORK,2.0,,,,2.0,,120.0,,64.0,,56.0,1061.0,,,23.0,,,P
399,2009-03-01,26.0,PR,45,10406,0,WILLIAMS FORK,3.0,,,-1.0,2.0,,75.0,,59.0,,16.0,1077.0,,,6.0,,,P
400,2009-03-01,26.0,PR,45,10406,0,COZZETTE,,,,,,,11.0,,9.0,,2.0,1077.0,,,1.0,,,P
401,2009-03-01,26.0,PR,45,10406,0,CORCORAN,,,,,,,13.0,,10.0,,3.0,1077.0,,,1.0,,,P
402,2009-02-01,,SI,45,10406,0,CORCORAN,,,,,,,,,,,,,,,,,,
403,2009-02-01,,SI,45,10406,0,COZZETTE,,,,,,,,,,,,,,,,,,
404,2009-02-01,,SI,45,10406,0,WILLIAMS FORK,3.0,,,,3.0,,,,,,,,,,,,,
405,2009-01-01,31.0,PR,45,10406,0,WILLIAMS FORK,3.0,,,,3.0,,108.0,,71.0,,37.0,1077.0,,,15.0,,,C
406,2009-01-01,31.0,PR,45,10406,0,COZZETTE,,,,,,,17.0,,11.0,,6.0,1077.0,,,2.0,,,C
407,2009-01-01,31.0,PR,45,10406,0,CORCORAN,,,,,,,17.0,,11.0,,6.0,1077.0,,,2.0,,,C
408,2008-12-01,31.0,PR,45,10406,0,COZZETTE,,,,,,,656.0,,11.0,,645.0,1077.0,,,240.0,,,C
409,2008-12-01,31.0,PR,45,10406,0,CORCORAN,,,,,,,656.0,,11.0,,645.0,1077.0,,,240.0,,,C
410,2008-12-01,31.0,PR,45,10406,0,WILLIAMS FORK,3.0,,,,3.0,,4153.0,,70.0,,4083.0,1077.0,,,1521.0,,,C
411,2008-11-01,28.0,PR,45,10406,0,WILLIAMS FORK,3.0,,,,3.0,,6370.0,,64.0,,6306.0,1069.0,,,1652.0,,,C
412,2008-11-01,28.0,PR,45,10406,0,CORCORAN,,,,,,,1006.0,,10.0,,996.0,1069.0,,,260.0,,,C
413,2008-11-01,28.0,PR,45,10406,0,COZZETTE,,,,,,,1006.0,,10.0,,996.0,1069.0,,,260.0,,,C
414,2008-10-01,31.0,PR,45,10406,0,COZZETTE,,,,,,,1407.0,,11.0,,1396.0,1069.0,,,406.0,,,C
415,2008-10-01,31.0,PR,45,10406,0,CORCORAN,,,,,,,1407.0,,11.0,,1396.0,1069.0,,,406.0,,,C
416,2008-10-01,31.0,PR,45,10406,0,WILLIAMS FORK,3.0,,,,3.0,,8911.0,,70.0,,8841.0,1069.0,,,2574.0,,,C
417,2008-09-01,30.0,PR,45,10406,0,WILLIAMS FORK,3.0,,,,3.0,,8286.0,,68.0,,8218.0,1069.0,,,2251.0,,,C
418,2008-09-01,30.0,PR,45,10406,0,CORCORAN,,,,,,,1308.0,,10.0,,1298.0,1069.0,,,355.0,,,C
419,2008-09-01,30.0,PR,45,10406,0,COZZETTE,,,,,,,1308.0,,10.0,,1298.0,1069.0,,,355.0,,,C
420,2008-08-01,30.0,PR,45,10406,0,COZZETTE,,,,,,,1625.0,,,,1625.0,1069.0,,,498.0,,,C
421,2008-08-01,30.0,PR,45,10406,0,CORCORAN,,,,,,,1625.0,,,,1625.0,1069.0,,,498.0,,,C
422,2008-08-01,30.0,PR,45,10406,0,WILLIAMS FORK,3.0,,,,3.0,,10293.0,,,,10293.0,1069.0,,,3157.0,,,C
423,2008-07-01,30.0,PR,45,10406,0,WILLIAMS FORK,3.0,,,,3.0,,11273.0,,,,11273.0,1069.0,,,3790.0,,,C
424,2008-07-01,30.0,PR,45,10406,0,CORCORAN,,,,,,,1780.0,,,,1780.0,1069.0,,,598.0,,,C
425,2008-07-01,30.0,PR,45,10406,0,COZZETTE,,,,,,,1780.0,,,,1780.0,1069.0,,,598.0,,,C
426,2008-06-01,28.0,PR,45,10406,0,COZZETTE,,,,,,,2229.0,,,,2229.0,1069.0,,,692.0,,,C
427,2008-06-01,28.0,PR,45,10406,0,CORCORAN,,,,,,,2229.0,,,,2229.0,1069.0,,,692.0,,,C
428,2008-06-01,28.0,PR,45,10406,0,WILLIAMS FORK,3.0,,,,3.0,,14115.0,,,,14115.0,1069.0,,,4387.0,,,C
429,2008-05-01,18.0,PR,45,10406,0,WILLIAMS FORK,3.0,,,,3.0,,6198.0,,,,6198.0,1069.0,,,2302.0,,,C
430,2008-05-01,18.0,PR,45,10406,0,COZZETTE,,,,,,,979.0,,,,979.0,1069.0,,,363.0,,,C
431,2008-05-01,18.0,PR,45,10406,0,CORCORAN,,,,,,,979.0,,,,979.0,1069.0,,,363.0,,,C
432,2008-04-01,25.0,PR,45,10406,0,CORCORAN,2.0,,,-2.0,,,2352.0,,,,2352.0,1069.0,,,795.0,,,C
433,2008-04-01,25.0,PR,45,10406,0,COZZETTE,2.0,,,-2.0,,,2352.0,,,,2352.0,1069.0,,,795.0,,,C
434,2008-04-01,25.0,PR,45,10406,0,WILLIAMS FORK,14.0,,,-11.0,3.0,,14893.0,,,,14893.0,1069.0,,,5037.0,,,C
435,2008-03-01,,SI,45,10406,0,WILLIAMS FORK,14.0,,,,14.0,,,,,,,,,,,,,
436,2008-03-01,,SI,45,10406,0,COZZETTE,2.0,,,,2.0,,,,,,,,,,,,,
437,2008-03-01,,SI,45,10406,0,CORCORAN,2.0,,,,2.0,,,,,,,,,,,,,
438,2008-02-01,,SI,45,10406,0,CORCORAN,2.0,,,,2.0,,,,,,,,,,,,,
439,2008-02-01,,SI,45,10406,0,COZZETTE,2.0,,,,2.0,,,,,,,,,,,,,
440,2008-02-01,,SI,45,10406,0,WILLIAMS FORK,14.0,,,,14.0,,,,,,,,,,,,,
441,2008-01-01,,SI,45,10406,0,WILLIAMS FORK,14.0,,,,14.0,,,,,,,,,,,,,
442,2008-01-01,,SI,45,10406,0,COZZETTE,2.0,,,,2.0,,,,,,,,,,,,,
443,2008-01-01,,SI,45,10406,0,CORCORAN,2.0,,,,2.0,,,,,,,,,,,,,
444,2007-12-01,9.0,PR,45,10406,0,COZZETTE,2.0,,,,2.0,,142.0,,,,142.0,1074.0,,,150.0,,,C
445,2007-12-01,9.0,PR,45,10406,0,CORCORAN,2.0,,,,2.0,,142.0,,,,142.0,1074.0,,,150.0,,,C
446,2007-12-01,9.0,PR,45,10406,0,WILLIAMS FORK,14.0,,,,14.0,,902.0,,,,902.0,1074.0,,,950.0,,,C
447,2007-11-01,12.0,PR,45,10406,0,WILLIAMS FORK,14.0,,,,14.0,,1671.0,,,,1671.0,1069.0,,,660.0,,,C
448,2007-11-01,12.0,PR,45,10406,0,CORCORAN,2.0,,,,2.0,,264.0,,,,264.0,1069.0,,,104.0,,,C
449,2007-11-01,12.0,PR,45,10406,0,COZZETTE,2.0,,,,2.0,,264.0,,,,264.0,1069.0,,,104.0,,,C
450,2007-10-01,19.0,PR,45,10406,0,COZZETTE,2.0,,,,2.0,,1177.0,,,,1177.0,1069.0,,,248.0,,,C
451,2007-10-01,19.0,PR,45,10406,0,CORCORAN,2.0,,,,2.0,,1177.0,,,,1177.0,1069.0,,,248.0,,,C
452,2007-10-01,19.0,PR,45,10406,0,WILLIAMS FORK,14.0,,,,14.0,,7453.0,,,,7453.0,1069.0,,,1575.0,,,C
453,2007-09-01,30.0,PR,45,10406,0,WILLIAMS FORK,14.0,,,,14.0,,13528.0,,,,13528.0,1069.0,,,2740.0,,,C
454,2007-09-01,30.0,PR,45,10406,0,CORCORAN,2.0,,,,2.0,,2136.0,,,,2136.0,1069.0,,,432.0,,,C
455,2007-09-01,30.0,PR,45,10406,0,COZZETTE,2.0,,,,2.0,,2136.0,,,,2136.0,1069.0,,,432.0,,,C
456,2007-08-01,31.0,PR,45,10406,0,COZZETTE,2.0,,,,2.0,,2101.0,,,,2101.0,1069.0,,,470.0,,,C
457,2007-08-01,31.0,PR,45,10406,0,CORCORAN,2.0,,,,2.0,,2101.0,,,,2101.0,1069.0,,,470.0,,,C
458,2007-08-01,31.0,PR,45,10406,0,WILLIAMS FORK,14.0,,,,14.0,,13305.0,,,,13305.0,1069.0,,,2978.0,,,C
459,2007-07-01,25.0,PR,45,10406,0,WILLIAMS FORK,14.0,,,,14.0,,9296.0,,,,9296.0,1047.0,,,2618.0,,,C
460,2007-07-01,25.0,PR,45,10406,0,CORCORAN,2.0,,,,2.0,,1468.0,,,,1468.0,1047.0,,,413.0,,,C
461,2007-07-01,25.0,PR,45,10406,0,COZZETTE,2.0,,,,2.0,,1468.0,,,,1468.0,1047.0,,,413.0,,,C
462,2007-06-01,30.0,PR,45,10406,0,COZZETTE,2.0,,,,2.0,,2425.0,,,,2425.0,1074.0,,,485.0,,,C
463,2007-06-01,30.0,PR,45,10406,0,CORCORAN,2.0,,,,2.0,,2425.0,,,,2425.0,1074.0,,,485.0,,,C
464,2007-06-01,30.0,PR,45,10406,0,WILLIAMS FORK,14.0,,,,14.0,,15355.0,,,,15355.0,1074.0,,,3076.0,,,C
465,2007-05-01,28.0,PR,45,10406,0,WILLIAMS FORK,10.0,5.0,1.0,,14.0,53.4,7273.0,,,,7273.0,1008.0,,,1947.0,,,C
466,2007-05-01,28.0,PR,45,10406,0,COZZETTE,2.0,,,,2.0,,1148.0,,,,1148.0,1008.0,,,307.0,,,C
467,2007-05-01,28.0,PR,45,10406,0,CORCORAN,2.0,,,,2.0,,1148.0,,,,1148.0,1008.0,,,307.0,,,C
468,2007-04-01,30.0,PR,45,10406,0,CORCORAN,2.0,,,,2.0,,10.0,,,,10.0,1036.0,,,2.0,,,C
469,2007-04-01,30.0,PR,45,10406,0,COZZETTE,2.0,,,,2.0,,10.0,,,,10.0,1036.0,,,2.0,,,C
470,2007-04-01,30.0,PR,45,10406,0,WILLIAMS FORK,10.0,,,,10.0,,64.0,,,,64.0,1036.0,,,14.0,,,C
471,2007-03-01,27.0,PR,45,10406,0,WILLIAMS FORK,9.0,1.0,,,10.0,,7386.0,,,,7386.0,1036.0,,,1490.0,,,C
472,2007-03-01,27.0,PR,45,10406,0,COZZETTE,1.0,,,1.0,2.0,,1166.0,,,,1166.0,1036.0,,,235.0,,,C
473,2007-03-01,27.0,PR,45,10406,0,CORCORAN,1.0,,,1.0,2.0,,1166.0,,,,1166.0,1036.0,,,235.0,,,C
474,2007-02-01,28.0,PR,45,10406,0,CORCORAN,1.0,,,,1.0,,1653.0,,,,1653.0,1036.0,,,588.0,,,C
475,2007-02-01,28.0,PR,45,10406,0,COZZETTE,1.0,,,,1.0,,1653.0,,,,1653.0,1036.0,,,588.0,,,C
476,2007-02-01,28.0,PR,45,10406,0,WILLIAMS FORK,9.0,,,,9.0,,10472.0,,,,10472.0,1036.0,,,3730.0,,,C
477,2007-01-01,21.0,PR,45,10406,0,WILLIAMS FORK,9.0,,,,9.0,,6045.0,,,,6045.0,1036.0,,,1369.0,,,C
478,2007-01-01,21.0,PR,45,10406,0,COZZETTE,1.0,,,,1.0,,954.0,,,,954.0,1036.0,,,216.0,,,C
479,2007-01-01,21.0,PR,45,10406,0,CORCORAN,1.0,,,,1.0,,954.0,,,,954.0,1036.0,,,216.0,,,C
480,2006-12-01,31.0,PR,45,10406,0,COZZETTE,1.0,,,,1.0,,2051.0,,,,2051.0,1036.0,,,458.0,,,C
481,2006-12-01,31.0,PR,45,10406,0,CORCORAN,1.0,,,,1.0,,2051.0,,,,2051.0,1036.0,,,458.0,,,C
482,2006-12-01,31.0,PR,45,10406,0,WILLIAMS FORK,5.0,5.0,1.0,,9.0,52.4,12991.0,,,,12991.0,1036.0,,,2901.0,,,C
483,2006-11-01,30.0,PR,45,10406,0,WILLIAMS FORK,5.0,,,,5.0,,16825.0,,,,16825.0,1062.0,,,3488.0,,,C
484,2006-11-01,30.0,PR,45,10406,0,CORCORAN,1.0,,,,1.0,,2657.0,,,,2657.0,1062.0,,,550.0,,,C
485,2006-11-01,30.0,PR,45,10406,0,COZZETTE,1.0,,,,1.0,,2657.0,,,,2657.0,1062.0,,,550.0,,,C
486,2006-10-01,31.0,PR,45,10406,0,COZZETTE,1.0,,,,1.0,,3743.0,,,,3743.0,1062.0,,,667.0,,,C
487,2006-10-01,31.0,PR,45,10406,0,CORCORAN,1.0,,,,1.0,,3743.0,,,,3743.0,1062.0,,,667.0,,,C
488,2006-10-01,31.0,PR,45,10406,0,WILLIAMS FORK,5.0,,,,5.0,,23703.0,,,,23703.0,1062.0,,,4229.0,,,C
489,2006-09-01,27.0,PR,45,10406,0,WILLIAMS FORK,5.0,,,,5.0,,6918.0,,,,6918.0,1062.0,,,1500.0,,,C
490,2006-09-01,27.0,PR,45,10406,0,CORCORAN,1.0,,,,1.0,,1092.0,,,,1092.0,1062.0,,,236.0,,,C
491,2006-09-01,27.0,PR,45,10406,0,COZZETTE,1.0,,,,1.0,,1092.0,,,,1092.0,1062.0,,,236.0,,,C
492,2006-08-01,29.0,PR,45,10406,0,COZZETTE,,,,1.0,1.0,,1055.0,,,,1055.0,1062.0,,,223.0,,,C
493,2006-08-01,29.0,PR,45,10406,0,CORCORAN,,,,1.0,1.0,,1055.0,,,,1055.0,1062.0,,,223.0,,,C
494,2006-08-01,29.0,PR,45,10406,0,WILLIAMS FORK,2.0,3.0,,,5.0,,6681.0,,,,6681.0,1062.0,,,1415.0,,,C
495,2006-07-01,29.0,PR,45,10406,0,WILLIAMS FORK,2.0,,,,2.0,,9134.0,,,,9134.0,1074.0,,,329.0,,,C
496,2006-07-01,29.0,PR,45,10406,0,CORCORAN,,,,,,,1442.0,,,,1442.0,1074.0,,,51.0,,,C
497,2006-07-01,29.0,PR,45,10406,0,COZZETTE,,,,,,,1442.0,,,,1442.0,1074.0,,,51.0,,,C
498,2006-06-01,15.0,PR,45,10406,0,COZZETTE,,,,,,,522.0,,,,522.0,1062.0,,,47.0,,,C
499,2006-06-01,15.0,PR,45,10406,0,CORCORAN,,,,,,,522.0,,,,522.0,1062.0,,,47.0,,,C
500,2006-06-01,15.0,PR,45,10406,0,WILLIAMS FORK,,2.0,,,2.0,,3308.0,,,,3308.0,1062.0,,,299.0,,,C
501,2006-05-01,31.0,PR,45,10406,0,WILLIAMS FORK,,,,,,,15894.0,,,,15894.0,1062.0,,,1138.0,,,C
502,2006-05-01,31.0,PR,45,10406,0,COZZETTE,,,,,,,2510.0,,,,2510.0,1062.0,,,179.0,,,C
503,2006-05-01,31.0,PR,45,10406,0,CORCORAN,,,,,,,2510.0,,,,2510.0,1062.0,,,179.0,,,C
504,2006-04-01,29.0,PR,45,10406,0,CORCORAN,,,,,,,2332.0,,,,2332.0,1062.0,,,,,,
505,2006-04-01,29.0,PR,45,10406,0,COZZETTE,,,,,,,2332.0,,,,2332.0,1062.0,,,,,,
506,2006-04-01,29.0,PR,45,10406,0,WILLIAMS FORK,,,,,,,14772.0,,,,14772.0,1062.0,,,,,,
507,2006-03-01,24.0,PR,45,10406,0,WILLIAMS FORK,,,,,,,17094.0,,,,17094.0,1062.0,,,4031.0,,,C
508,2006-03-01,24.0,PR,45,10406,0,COZZETTE,,,,,,,2699.0,,,,2699.0,1062.0,,,636.0,,,C
509,2006-03-01,24.0,PR,45,10406,0,CORCORAN,,,,,,,2699.0,,,,2699.0,1062.0,,,636.0,,,C
510,2006-02-01,21.0,PR,45,10406,0,CORCORAN,,,,,,,2619.0,,,,2619.0,1127.0,,,796.0,,,C
511,2006-02-01,21.0,PR,45,10406,0,COZZETTE,,,,,,,2619.0,,,,2619.0,1127.0,,,796.0,,,C
512,2006-02-01,21.0,PR,45,10406,0,WILLIAMS FORK,,,,,,,16585.0,,,,16585.0,1127.0,,,5044.0,,,C
513,2006-01-01,22.0,PR,45,10406,0,WILLIAMS FORK,,,,,,,16563.0,,,,16563.0,1127.0,,,4029.0,,,C
514,2006-01-01,22.0,PR,45,10406,0,COZZETTE,,,,,,,2615.0,,,,2615.0,1127.0,,,636.0,,,C
515,2006-01-01,22.0,PR,45,10406,0,CORCORAN,,,,,,,2615.0,,,,2615.0,1127.0,,,636.0,,,C
516,2005-12-01,20.0,PR,45,10406,0,COZZETTE,,,,,,,2654.0,,,,2654.0,1127.0,,,766.0,,,C
517,2005-12-01,20.0,PR,45,10406,0,CORCORAN,,,,,,,2654.0,,,,2654.0,1127.0,,,766.0,,,C
518,2005-12-01,20.0,PR,45,10406,0,WILLIAMS FORK,,,,,,,16811.0,,,,16811.0,1127.0,,,4853.0,,,C
519,2005-11-01,25.0,PR,45,10406,0,WILLIAMS FORK,,,,,,,25142.0,,,,25142.0,1040.0,,,4660.0,,,C
520,2005-11-01,25.0,PR,45,10406,0,CORCORAN,,,,,,,3970.0,,,,3970.0,1040.0,,,736.0,,,C
521,2005-11-01,25.0,PR,45,10406,0,COZZETTE,,,,,,,3970.0,,,,3970.0,1040.0,,,736.0,,,C
522,2005-10-01,31.0,PR,45,10406,0,COZZETTE,,,,,,,5259.0,,,,5259.0,1040.0,,,986.0,,,C
523,2005-10-01,31.0,PR,45,10406,0,CORCORAN,,,,,,,5259.0,,,,5259.0,1040.0,,,986.0,,,C
524,2005-10-01,31.0,PR,45,10406,0,WILLIAMS FORK,,,,,,,33310.0,,,,33310.0,1040.0,,,6246.0,,,C
525,2005-09-01,29.0,PR,45,10406,0,WILLIAMS FORK,,,,,,,38439.0,,,,38439.0,1043.0,,,2448.0,,,C
526,2005-09-01,29.0,PR,45,10406,0,CORCORAN,,,,,,,6069.0,,,,6069.0,1043.0,,,387.0,,,C
527,2005-09-01,29.0,PR,45,10406,0,COZZETTE,,,,,,,6069.0,,,,6069.0,1043.0,,,387.0,,,C
528,2005-08-01,13.0,PR,45,10406,0,COZZETTE,,,,,,,1985.0,,5.0,,1980.0,1127.0,,,,,,
529,2005-08-01,13.0,PR,45,10406,0,CORCORAN,,,,,,,1985.0,,5.0,,1980.0,1127.0,,,,,,
530,2005-08-01,13.0,PR,45,10406,0,WILLIAMS FORK,,,,,,,12570.0,,30.0,,12540.0,1127.0,,,1.0,,,C
531,2005-07-01,,WO,45,10406,0,WILLIAMS FORK,,,,,,,,,,,,,,,,,,
532,2005-07-01,,WO,45,10406,0,CORCORAN,,,,,,,,,,,,,,,,,,
533,2005-07-01,,WO,45,10406,0,COZZETTE,,,,,,,,,,,,,,,,,,
534,2005-06-01,,WO,45,10406,0,COZZETTE,,,,,,,,,,,,,,,,,,
535,2005-06-01,,WO,45,10406,0,CORCORAN,,,,,,,,,,,,,,,,,,
536,2005-06-01,,WO,45,10406,0,WILLIAMS FORK,,,,,,,,,,,,,,,,,,
537,2005-05-01,,DG,45,10406,0,WILLIAMS FORK,,,,,,,,,,,,,,,,,,
538,2005-05-01,,DG,45,10406,0,CORCORAN,,,,,,,,,,,,,,,,,,
539,2005-05-01,,DG,45,10406,0,COZZETTE,,,,,,,,,,,,,,,,,,
